a = 1 + 3;
b = 33;
